4294967295
4294967295
4294967295
4294967295
4294967295
4294967295
4294967295
4294967295
4294967295
4294967295
4294967295
4294967295
4294967295
4294967295
4294967295
4294967295
4294967295
4294967295
4294967295
4294967295
4294967295
4294967295
4294967295
4294967295
4294967295
4294967295
4294967295
4294967295
4294967295
4294967295
4294967295
4294967295
4294967295
4278190080
4294967295
4294967295
4294967295
4294967295
4294967295
4294967295
4294967295
4278190080
4278190080
4294967295
4294967295
4294967295
4278190080
4278190080
4278190080
4278190080
4278190080
4278190080
4278190080
4278190080
4278190080
4278190080
4294967295
4294967295
4294967295
4294967295
4294967295
4294967295
4294967295
4294967295
4294967295
4294967295
4294967295
4294967295
4294967295
4294967295
4294967295
4294967295
4294967295
4294967295
4294967295
4294967295
4294967295
4294967295
4294967295
4294967295
4294967295
4294967295
4294967295
4294967295
4294967295
4294967295
4294967295
4294967295
4294967295
4294967295
4294967295
4294967295
4294967295
4294967295
4294967295
4294967295
4294967295
4294967295
4294967295
4294967295
1747920683
8332228348
6434132617
6589603463
6985787234
6803824394
6405075696
6373764754
7466756599
6812630423
8193335684
6320633919
8318985460
7791894526
6579893750
6680634668
7948516470
6847254598
7128864453
7879365455
7672247923
7449558235
6966689724
6321588942
7884908279
7865657599
6808834024
7695651633
6765356264
7789668920
7597447932
6854412297
8364205111
8154614716
8211129504
6300872242
6346279411
7810952664
6577234073
8297112341
7363811456
6365896070
7156377527
7202291182
6667977750
6761862641
6923512150
7475252747
7561487324
6635702588
7570762353
8375952973
7171203226
8132629067
6468496159
6353613537
7628703001
6824709204
6826866954
6642535448
7553007192
6412904565
8350548506
8079053057
8016647206
7841373748
7503590264
7326319918
6595195543
7348337619
8163932747
7551216036
7705633472
7415510078
7611352547
6754324497
7500031172
8400971270
6488826967
6395513785
7187158958
7963666376
7649785979
6381301880
8307464492
6805796684
6451576553
6982762103
6723315823
7753392339
6876342425
6666256322
8195128184
6412388065
7109672454
6711085867
8029039248
6655165595
7000467352
7825194917
6871517122
