4294967295
4294967295
4294967295
4294967295
4294967295
4294967295
4294967295
4294967295
4294967295
4294967295
4294967295
4294967295
4294967295
4294967295
4294967295
4294967295
4294967295
4294967295
4294967295
4294967295
4294967295
4294967295
4294967295
4294967295
4294967295
4294967295
4294967295
4294967295
4294967295
4294967295
4294967295
4294967295
4294967295
4278190080
4294967295
4294967295
4294967295
4294967295
4294967295
4294967295
4294967295
4278190080
4278190080
4294967295
4294967295
4294967295
4278190080
4278190080
4278190080
4278190080
4278190080
4278190080
4278190080
4278190080
4278190080
4278190080
4294967295
4294967295
4294967295
4294967295
4294967295
4294967295
4294967295
4294967295
4294967295
4294967295
4294967295
4294967295
4294967295
4294967295
4294967295
4294967295
4294967295
4294967295
4294967295
4294967295
4294967295
4294967295
4294967295
4294967295
4294967295
4294967295
4294967295
4294967295
4294967295
4294967295
4294967295
4294967295
4294967295
4294967295
4294967295
4294967295
4294967295
4294967295
4294967295
4294967295
4294967295
4294967295
4294967295
4294967295
2150341372
10349951793
8451856062
8607326908
9003510679
8821547839
8422799141
8391488199
9484480044
8830353868
10211059129
8338357364
10336708905
9809617971
8597617195
8698358113
9966239915
8864978043
9146587898
9897088900
9689971368
9467281680
8984413169
8339312387
9902631724
9883381044
8826557469
9713375078
8783079709
9807392365
9615171377
8872135742
10381928556
10172338161
10228852949
8318595687
8364002856
9828676109
8594957518
10314835786
9381534901
8383619515
9174100972
9220014627
8685701195
8779586086
8941235595
9492976192
9579210769
8653426033
9588485798
10393676418
9188926671
10150352512
8486219604
8371336982
9646426446
8842432649
8844590399
8660258893
9570730637
8430628010
10368271951
10096776502
10034370651
9859097193
9521313709
9344043363
8612918988
9366061064
10181656192
9568939481
9723356917
9433233523
9629075992
8772047942
9517754617
10418694715
8506550412
8413237230
9204882403
9981389821
9667509424
8399025325
10325187937
8823520129
8469299998
9000485548
8741039268
9771115784
8894065870
8683979767
10212851629
8430111510
9127395899
8728809312
10046762693
8672889040
9018190797
1272720835
1272720835
1272720835
1272720835
1272720835
