4294967295
4294967295
4294967295
4294967295
4294967295
4294967295
4294967295
4294967295
4294967295
4294967295
4294967295
4294967295
4294967295
4294967295
4294967295
4294967295
4294967295
4294967295
4294967295
4294967295
4294967295
4294967295
4294967295
4294967295
4294967295
4294967295
4294967295
4294967295
4294967295
4294967295
4294967295
4294967295
4294967295
4278190080
4294967295
4294967295
4294967295
4294967295
4294967295
4294967295
4294967295
4278190080
4278190080
4294967295
4294967295
4294967295
4278190080
4278190080
4278190080
4278190080
4278190080
4278190080
4278190080
4278190080
4278190080
4278190080
4294967295
4294967295
4294967295
4294967295
4294967295
4294967295
4294967295
4294967295
4294967295
4294967295
4294967295
4294967295
4294967295
4294967295
4294967295
4294967295
4294967295
4294967295
4294967295
4294967295
4294967295
4294967295
4294967295
4294967295
4294967295
4294967295
4294967295
4294967295
4294967295
4294967295
4294967295
4294967295
4294967295
4294967295
4294967295
4294967295
4294967295
4294967295
4294967295
4294967295
4294967295
4294967295
4294967295
4294967295
201335274
875884551
1620596355
974742929
552622747
1315039386
2508783
1724024981
134398142
1179494953
714934300
2013163292
929832511
1941400351
996730562
1313447725
864410847
379315187
1974334234
919805660
316072515
1884478387
1294480083
2100675702
1508200637
238116954
602614447
1293570991
87845531
1676510034
2004202997
1483779392
113602362
1037504043
576304104
1183126049
1157514555
1653145723
481793557
1462423858
1248425928
685052610
160893354
30589295
1620364587
1909273577
558376852
1392092924
678662478
1136025931
242826251
942364846
874038866
1556928660
357228386
1534283630
746308598
2122322361
1782001345
367250691
1622908134
1335635490
2065749313
860910391
108661421
2093797354
1123564629
901090597
456777942
106763845
1252305352
94453919
1920772238
1587231924
173244915
1811222145
901645069
248954237
1630089891
983601149
947043920
1699421589
1162099594
361988975
293414267
190342535
318712564
499844704
860781693
1437391832
259493134
1461526826
1620954834
1894097556
530163128
1080688510
1720299086
2052340304
1492740974
1339416442
1843778925
1843778052
1843778052
1843778052
1843778052
1843778052
