4294967295
4294967295
4294967295
4294967295
4294967295
4294967295
4294967295
4294967295
4294967295
4294967295
4294967295
4294967295
4294967295
4294967295
4294967295
4294967295
4294967295
4294967295
4294967295
4294967295
4294967295
4294967295
4294967295
4294967295
4294967295
4294967295
4294967295
4294967295
4294967295
4294967295
4294967295
4294967295
4294967295
4278190080
4294967295
4294967295
4294967295
4294967295
4294967295
4294967295
4294967295
4278190080
4278190080
4294967295
4294967295
4294967295
4278190080
4278190080
4278190080
4278190080
4278190080
4278190080
4278190080
4278190080
4278190080
4278190080
4294967295
4294967295
4294967295
4294967295
4294967295
4294967295
4294967295
4294967295
4294967295
4294967295
4294967295
4294967295
4294967295
4294967295
4294967295
4294967295
4294967295
4294967295
4294967295
4294967295
4294967295
4294967295
4294967295
4294967295
4294967295
4294967295
4294967295
4294967295
4294967295
4294967295
4294967295
4294967295
4294967295
4294967295
4294967295
4294967295
4294967295
4294967295
4294967295
4294967295
4294967295
4294967295
4294967295
4294967295
1747920683
8906614576
7008518845
7163989691
7560173462
7378210622
6979461924
6948150982
8041142827
7387016651
8767721912
6895020147
8893371688
8366280754
7154279978
7255020896
8522902698
7421640826
7703250681
8453751683
8246634151
8023944463
7541075952
6895975170
8459294507
8440043827
7383220252
8270037861
7339742492
8364055148
8171834160
7428798525
8938591339
8729000944
8785515732
6875258470
6920665639
8385338892
7151620301
8871498569
7938197684
6940282298
7730763755
7776677410
7242363978
7336248869
7497898378
8049638975
8135873552
7210088816
8145148581
8950339201
7745589454
8707015295
7042882387
6927999765
8203089229
7399095432
7401253182
7216921676
8127393420
6987290793
8924934734
8653439285
8591033434
8415759976
8077976492
7900706146
7169581771
7922723847
8738318975
8125602264
8280019700
7989896306
8185738775
7328710725
8074417400
8975357498
7063213195
6969900013
7761545186
8538052604
8224172207
6955688108
8881850720
7380182912
7025962781
7557148331
7297702051
8327778567
7450728653
7240642550
8769514412
6986774293
7684058682
7285472095
8603425476
7229551823
7574853580
8399581145
7445903350
