4294967295
4294967295
4294967295
4294967295
4294967295
4294967295
4294967295
4294967295
4294967295
4294967295
4294967295
4294967295
4294967295
4294967295
4294967295
4294967295
4294967295
4294967295
4294967295
4294967295
4294967295
4294967295
4294967295
4294967295
4294967295
4294967295
4294967295
4294967295
4294967295
4294967295
4294967295
4294967295
4294967295
4278190080
4294967295
4294967295
4294967295
4294967295
4294967295
4294967295
4294967295
4278190080
4278190080
4294967295
4294967295
4294967295
4278190080
4278190080
4278190080
4278190080
4278190080
4278190080
4278190080
4278190080
4278190080
4278190080
4294967295
4294967295
4294967295
4294967295
4294967295
4294967295
4294967295
4294967295
4294967295
4294967295
4294967295
4294967295
4294967295
4294967295
4294967295
4294967295
4294967295
4294967295
4294967295
4294967295
4294967295
4294967295
4294967295
4294967295
4294967295
4294967295
4294967295
4294967295
4294967295
4294967295
4294967295
4294967295
4294967295
4294967295
4294967295
4294967295
4294967295
4294967295
4294967295
4294967295
4294967295
4294967295
4294967295
4294967295
1747921281
9947531702
8049435971
8204906817
8601090588
8419127748
8020379050
7989068108
9082059953
8427933777
9808639038
7935937273
9934288814
9407197880
8195197104
8295938022
9563819824
8462557952
8744167807
9494668809
9287551277
9064861589
8581993078
7936892296
9500211633
9480960953
8424137378
9310954987
8380659618
9404972274
9212751286
8469715651
9979508465
9769918070
9826432858
7916175596
7961582765
9426256018
8192537427
9912415695
8979114810
7981199424
8771680881
8817594536
8283281104
8377165995
8538815504
9090556101
9176790678
8251005942
9186065707
9991256327
8786506580
9747932421
8083799513
7968916891
9244006355
8440012558
8442170308
8257838802
9168310546
8028207919
9965851860
9694356411
9631950560
9456677102
9118893618
8941623272
8210498897
8963640973
9779236101
9166519390
9320936826
9030813432
9226655901
8369627851
9115334526
10016274624
8104130321
8010817139
8802462312
9578969730
9265089333
7996605234
9922767846
8421100038
8066879907
8598065457
8338619177
9368695693
8491645779
8281559676
9810431538
8027691419
8724975808
8326389221
9644342602
8270468949
8615770706
9440498271
8486823013
