4294967295
4294967295
4294967295
4294967295
4294967295
4294967295
4294967295
4294967295
4294967295
4294967295
4294967295
4294967295
4294967295
4294967295
4294967295
4294967295
4294967295
4294967295
4294967295
4294967295
4294967295
4294967295
4294967295
4294967295
4294967295
4294967295
4294967295
4294967295
4294967295
4294967295
4294967295
4294967295
4294967295
4278190080
4294967295
4294967295
4294967295
4294967295
4294967295
4294967295
4294967295
4278190080
4278190080
4294967295
4294967295
4294967295
4278190080
4278190080
4278190080
4278190080
4278190080
4278190080
4278190080
4278190080
4278190080
4278190080
4294967295
4294967295
4294967295
4294967295
4294967295
4294967295
4294967295
4294967295
4294967295
4294967295
4294967295
4294967295
4294967295
4294967295
4294967295
4294967295
4294967295
4294967295
4294967295
4294967295
4294967295
4294967295
4294967295
4294967295
4294967295
4294967295
4294967295
4294967295
4294967295
4294967295
4294967295
4294967295
4294967295
4294967295
4294967295
4294967295
4294967295
4294967295
4294967295
4294967295
4294967295
4294967295
4294967295
4294967295
201333129
875882406
1620594210
974740784
552620602
1315037241
2506638
1724022836
134395997
1179492808
714932155
2013161147
929830366
1941398206
996728417
1313445580
864408702
379313042
1974332089
919803515
316070370
1884476242
1294477938
2100673557
1508198492
238114809
602612302
1293568846
87843386
1676507889
2004200852
1483777247
113600217
1037501898
576301959
1183123904
1157512410
1653143578
481791412
1462421713
1248423783
685050465
160891209
30587150
1620362442
1909271432
558374707
1392090779
678660333
1136023786
242824106
942362701
874036721
1556926515
357226241
1534281485
746306453
2122320216
1781999200
367248546
1622905989
1335633345
2065747168
860908246
108659276
2093795209
1123562484
901088452
456775797
106761700
1252303207
94451774
1920770093
1587229779
173242770
1811220000
901642924
248952092
1630087746
983599004
947041775
1699419444
1162097449
361986830
293412122
190340390
318710419
499842559
860779548
1437389687
259490989
1461524681
1620952689
1894095411
530160983
1080686365
1720296941
2052338159
1492738829
1073741824
0
